{
  "system": {"L": 3, "N": 27, "lattice": "kagome PBC", "hamiltonian": "isotropic Heisenberg AFM, J=1"},
  "sectors_loaded": [true, true, true, true],
  "sector_labels": ["A_1", "A_2", "B_1", "B_2"],
  "E_0": [-11.6098548093, -11.5575586914, -11.5575586914, -11.4338926662],
  "group_elements": [
    {
      "op": 0, "class": "E",
      "empirical_matrix": [
        [1.0000000000e+00, -3.0758815633e-16, 1.8984380040e-16, 1.3324844700e-16],
        [-3.0758815633e-16, 1.0000000000e+00, 3.2818799761e-16, 4.9710669608e-17],
        [1.8984380040e-16, 3.2818799761e-16, 1.0000000000e+00, -1.2888453325e-17],
        [1.3324844700e-16, 4.9710669608e-17, -1.2888453325e-17, 1.0000000000e+00]
      ],
      "character_prediction": [1.0, 1.0, 1.0, 1.0]
    },
    {
      "op": 1, "class": "C_6",
      "empirical_matrix": [
        [1.0000000000e+00, -3.0967524552e-16, -1.8854275780e-16, -1.3265213580e-16],
        [-3.0783210182e-16, 1.0000000000e+00, -3.3062745250e-16, -5.0063035315e-17],
        [1.8865117801e-16, 3.3314822255e-16, -1.0000000000e+00, 1.3505093311e-17],
        [1.3070057189e-16, 4.6539378254e-17, 1.2373457293e-17, -1.0000000000e+00]
      ],
      "character_prediction": [1.0, 1.0, -1.0, -1.0]
    },
    {
      "op": 2, "class": "C_3",
      "empirical_matrix": [
        [1.0000000000e+00, -3.1081365780e-16, 1.9353008779e-16, 1.3205582461e-16],
        [-3.1086786791e-16, 1.0000000000e+00, 3.2910956946e-16, 4.7515160209e-17],
        [1.9038590149e-16, 3.2840483805e-16, 1.0000000000e+00, -1.3667723637e-17],
        [1.3173056396e-16, 4.7298319775e-17, -1.2536087619e-17, 1.0000000000e+00]
      ],
      "character_prediction": [1.0, 1.0, 1.0, 1.0]
    },
    {
      "op": 3, "class": "C_2",
      "empirical_matrix": [
        [1.0000000000e+00, -3.1103049823e-16, -1.8908485888e-16, -1.3379054808e-16],
        [-3.1135575888e-16, 1.0000000000e+00, -3.3195560016e-16, -4.9114358414e-17],
        [1.8821749714e-16, 3.2897404419e-16, -1.0000000000e+00, 1.3162892000e-17],
        [1.3183898417e-16, 4.6729113634e-17, 1.2664836627e-17, -1.0000000000e+00]
      ],
      "character_prediction": [1.0, 1.0, -1.0, -1.0]
    },
    {
      "op": 4, "class": "C_3",
      "empirical_matrix": [
        [1.0000000000e+00, -3.0986498090e-16, 1.9190378453e-16, 1.3292318635e-16],
        [-3.1303627225e-16, 1.0000000000e+00, 3.3173875973e-16, 4.8518047219e-17],
        [1.9168694410e-16, 3.3173875973e-16, 1.0000000000e+00, -1.3200161450e-17],
        [1.3265213580e-16, 4.7704895589e-17, -1.1495931160e-17, 1.0000000000e+00]
      ],
      "character_prediction": [1.0, 1.0, 1.0, 1.0]
    },
    {
      "op": 5, "class": "C_6",
      "empirical_matrix": [
        [1.0000000000e+00, -3.0856393829e-16, -1.8778381627e-16, -1.3454948961e-16],
        [-3.1138286394e-16, 1.0000000000e+00, -3.3192849511e-16, -4.9737774663e-17],
        [1.8908485888e-16, 3.3141349907e-16, -1.0000000000e+00, 1.3606737265e-17],
        [1.3097162244e-16, 4.8843307870e-17, 1.3047695520e-17, -1.0000000000e+00]
      ],
      "character_prediction": [1.0, 1.0, -1.0, -1.0]
    },
    {
      "op": 6, "class": "sigma_v",
      "empirical_matrix": [
        [1.0000000000e+00, 2.9793875700e-16, 1.8843433758e-16, -1.3368212787e-16],
        [-3.2092384306e-16, -1.0000000000e+00, 3.2889272902e-16, -5.3342746886e-17],
        [1.8778381627e-16, -3.3003114130e-16, 1.0000000000e+00, 7.6741185021e-18],
        [1.3308581667e-16, -4.6837533851e-17, -1.1705995331e-17, -1.0000000000e+00]
      ],
      "character_prediction": [1.0, -1.0, 1.0, -1.0]
    },
    {
      "op": 7, "class": "sigma_d",
      "empirical_matrix": [
        [1.0000000000e+00, 2.9883322379e-16, -1.8344700758e-16, 1.3297739646e-16],
        [-3.2352592827e-16, -1.0000000000e+00, -3.3051903228e-16, 5.2881960963e-17],
        [1.9081958236e-16, -3.2992272109e-16, -1.0000000000e+00, -8.6600648527e-18],
        [1.3433264917e-16, -4.7948841078e-17, 1.1892342579e-17, 1.0000000000e+00]
      ],
      "character_prediction": [1.0, -1.0, -1.0, 1.0]
    },
    {
      "op": 8, "class": "sigma_v",
      "empirical_matrix": [
        [1.0000000000e+00, 2.9961927037e-16, 1.8659119388e-16, -1.3471211993e-16],
        [-3.2081542284e-16, -1.0000000000e+00, 3.2837773299e-16, -5.3966163135e-17],
        [1.8919327910e-16, -3.2986851098e-16, 1.0000000000e+00, 8.3856261778e-18],
        [1.3270634591e-16, -4.3720452605e-17, -1.1567081928e-17, -1.0000000000e+00]
      ],
      "character_prediction": [1.0, -1.0, 1.0, -1.0]
    },
    {
      "op": 9, "class": "sigma_d",
      "empirical_matrix": [
        [1.0000000000e+00, 2.9970058553e-16, -1.8886801845e-16, 1.3503738058e-16],
        [-3.2471855066e-16, -1.0000000000e+00, -3.3106113337e-16, 5.2936171072e-17],
        [1.8659119388e-16, -3.2770010663e-16, -1.0000000000e+00, -8.7820375971e-18],
        [1.3341107732e-16, -4.5482281136e-17, 1.0716660849e-17, 1.0000000000e+00]
      ],
      "character_prediction": [1.0, -1.0, -1.0, 1.0]
    },
    {
      "op": 10, "class": "sigma_v",
      "empirical_matrix": [
        [1.0000000000e+00, 3.0037821189e-16, 1.8995222062e-16, -1.3422422895e-16],
        [-3.2000227121e-16, -1.0000000000e+00, 3.3013956152e-16, -5.3911953027e-17],
        [1.8984380040e-16, -3.2740195104e-16, 1.0000000000e+00, 8.7312156203e-18],
        [1.3232687515e-16, -4.6349642874e-17, -1.1699219067e-17, -1.0000000000e+00]
      ],
      "character_prediction": [1.0, -1.0, 1.0, -1.0]
    },
    {
      "op": 11, "class": "sigma_d",
      "empirical_matrix": [
        [1.0000000000e+00, 2.9677323966e-16, -1.8886801845e-16, 1.3319423689e-16],
        [-3.2455592033e-16, -1.0000000000e+00, -3.2932640989e-16, 5.2963276126e-17],
        [1.8648277367e-16, -3.2685984995e-16, -1.0000000000e+00, -8.4500006818e-18],
        [1.3601316254e-16, -4.6349642874e-17, 1.1384122811e-17, 1.0000000000e+00]
      ],
      "character_prediction": [1.0, -1.0, -1.0, 1.0]
    }
  ],
  "max_diagonal_residual": 1.835e-11,
  "max_offdiagonal_residual": 3.331e-16,
  "agreement": "MACHINE-PRECISION",
  "interpretation": "Empirical extraction of the 4-dimensional unitary representation of C_6v on the kagome AFM Heisenberg ground-state subspace.  All 12 group elements act diagonally on the (A_1, A_2, B_1, B_2) basis with eigenvalue χ_α(g), in machine-precision agreement with the C_6v character table — empirically establishing that the GS subspace decomposes as A_1 ⊕ A_2 ⊕ B_1 ⊕ B_2 of C_6v, the symbolic prediction of tsotchke-private:theory/higher_algebra/KagomeZ2.{wl,py}.",
  "references": {"symbolic": "tsotchke-private/theory/higher_algebra/KagomeZ2.{wl,py}", "empirical_data_source": "projecting Lanczos eigvecs at /tmp/kagome_3x3_*_eigvec.bin"}
}
